W = [[-2884.76620833, -3010.54737455], [-2878.60920373, -3016.72552697], [-3086.62458794, -2822.72709849]]


[33, 38, 2, 17, 18, 49, 16, 47, 46, 45, 11, 31, 50, 19, 57, 14, 5, 42, 55, 6, 27, 56, 41, 25, 28, 43, 3, 15, 48, 9, 37, 12, 7, 58, 24, 30, 22, 53, 10, 0, 29, 20, 54, 52, 39, 36, 40, 13, 34, 32, 1, 4, 26, 8, 35, 21, 23, 44, 51]
[array([-1419.50521808, -1525.70183758]), array([-1408.06458484, -1539.93751245]), array([-1597.43019708, -1359.36064997])]

[5, 58, 11, 7, 24, 51, 10, 55, 22, 21, 19, 0, 2, 49, 9, 6, 57, 39, 47, 23, 33, 20, 15, 44, 1, 45, 28, 56, 52, 29, 30, 25, 32, 26, 50, 12, 42, 13, 3, 18, 38, 48, 31, 54, 14, 53, 37, 46, 41, 17, 27, 40, 34, 35, 16, 8, 36, 4, 43]

[19, 3, 34, 56, 54, 44, 2, 45, 11, 36, 37, 22, 18, 17, 43, 32, 41, 28, 58, 46, 10, 16, 1, 55, 4, 30, 33, 21, 49, 20, 14, 26, 23, 5, 47, 12, 40, 42, 6, 57, 29, 24, 15, 9, 13, 53, 50, 8, 52, 31, 25, 35, 39, 0, 27, 48, 7, 38, 51]
[array([ 17.94364478, -15.90258217]), array([ 23.15707614, -22.53734333]), array([-41.10072091,  38.4399255 ])]


[array([ 64.06516006,  62.0302335 ]), array([ 81.41278105,  43.17855622]), array([ 50.52205889,  72.79121028])]

[array([ 35.51900876,  64.24321775]), array([ 62.15966192,  38.20239126]), array([ 14.32132932,  81.55439099])]


[[52, 83], [62, 7], [73, 7]]
[array([ 27.1170757 ,  29.32827372]), array([ 44.80891716,  13.13174885]), array([ 41.49240482,  16.37198051])]
With standard order, eta = 0.0001
lambda_parameter = 0.0001


[[85, 91], [38, 79], [79, 97]]
[array([ 43.80748756,  51.11426549]), array([ 40.30586995,  54.61671715]), array([ 38.39052099,  56.19246072])]

